303.608
111.121
247.73
115.75
326.609
95.0596
271.293
99.2878
322.898
99.5757
267.967
103.904
441.93
98.1249
386.205
99.7978
443.807
96.9798
409.087
153.937
295.387
65.3092
334.032
141.086
329.179
87.2772
335.481
139.413
295.154
67.2729
272.534
92.6841
389.228
136.829
392.436
96.7583
473.365
150.022
334.532
154.957
447.986
94.837
237.834
71.9768
389.802
135.88
380.056
117.136
292.479
92.6511
368.75
74.1307
425.24
70.5034
376.226
69.0258
426.659
70.0723
235.945
96.9644
295.37
92.7456
367.111
74.3538
435.042
64.4618
375.576
69.096
412.935
134.382
327.138
128.461
433.948
64.7525
366.253
163.967
381.161
123.793
378.514
173.784
437.142
157.801
430.94
157.621
313.081
105.612
434.532
145.987
312.934
106.301
258.188
117.049
495.151
153.098
432.79
145.57
312.51
99.0295
254.785
92.3415
311.596
87.831
355.086
139.065
302.105
88.3591
257.234
109.926
301.432
89.7592
256.289
102.346
308.244
85.594
336.107
125.468
309.962
86.2456
244.774
94.1025
335.657
92.6442
277.744
72.6164
335.234
68.3669
252.033
90.3288
432.27
169.29
273.857
72.7719
433.975
169.886
251.831
88.1118
434.806
170.48
386.965
76.6923
337.644
67.1796
280.669
71.1036
394.496
44.2872
372.955
112.069
500.65
145.963
272.233
125.315
397.711
108.561
439.155
152.028
491.791
141.172
388.771
77.8392
494.703
141.138
342.875
113.371
309.354
69.1724
345.001
113.7
385.514
50.5546
251.889
73.4807
307.742
70.614
434.562
182.937