356.501
124.306
270.286
128.467
441.631
116.234
269.837
128.054
427.26
106.57
317.519
120.417
436.658
116.438
325.711
121.132
438.141
116.901
369.12
111.761
497.486
106.268
366.156
105.425
502.984
105.875
379.329
111.35
485.799
100.073
339.713
121.706
455.266
116.715
342.848
128.29
454.803
115.858
393.543
94.6197
460.648
124.46
393.826
94.7864
346.152
67.426
289.4
135.467
349.391
68.2889
289.549
136.256
348.448
68.6316
393.06
107.006
371.172
124.502
286.671
71.1291
347.162
107.342
282.566
71.0274
487.866
88.6095
324.479
68.6089
489.859
88.8794
154.464
78.4661
499.249
92.8858
158.545
78.2519
499.119
92.6948
297.326
71.6153
222.389
74.4834
160.61
79.6964
218.428
74.6234
307.129
35.558
224.736
75.0546
210.406
58.3122
322.367
105.673
118.65
71.2743
183.727
66.2328
212.519
63.2692
181.883
64.9795
120.755
72.3292
464.922
139.624
116.991
70.2376
375.89
67.0882
289.313
116.004
337.162
108.634
327.645
106.75
376.234
68.5986
297.603
87.2876
272.845
60.0334
293.852
89.9539
380.524
106.449
246.516
119.933
357.14
85.6891
355.722
91.8415
378.16
110.144
353.742
90.5631
362.549
82.1876
295.874
105.976
378.94
111.864
303.014
111.218
379.79
112.096
305.313
103.301
291.182
86.8908
322.889
88.0346
351.393
96.3038
312.499
76.5019
349.566
108.031
284.298
101.315
344.646
116.126
323.255
87.8494
349.792
99.4638
345.861
110.58
330.807
117.218
278.122
111.306
331.772
117.209
308.886
109.858
431.849
88.7014
318.262
97.9764
467.731
145.564
273.304
120.31
369.132
80.9406
338.985
79.6492
392.615
84.1228
345.828
100.182
440.709
86.79
0
0
439.49
86.3341
0
0
249.685
83.216
0
0
250.61
86.6791
0
0
196.836
90.6589
0
0
441.398
84.6301
0
0
197.841
89.0345
0
0
208.343
48.8992
0
0
371.604
111.293
0
0
370.446
111.206
0
0
332.168
103.996
0
0
307.012
107.887
0
0
351.54
112.8
0
0
414.736
71.9874
0
0
412.391
74.0006
0
0
345.221
115.873
274.36
40.7845
311.415
114.528
232.12
63.7338
426.04
109.978
205.13
71.8978
434.574
121.989
310.455
114.596
379.848
117.129
317.523
126.636
474.983
93.4051
288.164
119.984
419.016
78.7797
249.018
120.943
369.15
54.1722
225.346
106.325
344.281
100.604
178.898
95.0582
476.053
97.1729
369.463
99.2203
492.639
113.116
343.478
84.2266
457.895
110.65
334.331
113.431
