313.045
177.553
361.227
198.73
354.251
148.33
356.754
194.374
354.635
149.588
285.266
182.746
353.89
149.802
363.047
177.55
387.723
189.955
285.122
174.231
338.677
146.283
242.759
99.4477
389.481
191.12
358.922
168.338
313.782
168.265
311.39
151.314
259.481
94.2583
357.303
218.267
320.58
203
369.132
206.199
522.47
223.081
307.279
158.428
393.673
209.371
0.0220893
0.0173761
324.005
152.901
0.00720731
0.0126176
374.629
162.848
0.0126176
0.00720731
363.389
204.752
0.0173761
0.0220893
297.09
224.851
0.00323845
0.00254746
333.935
153.663
2.78251e-032
7.67697e-040
407.068
4.59058
452.761
6.71778
258.984
215.429
195.002
9.53601
510.554
5.20445
129
6
477.805
209.398
182.569
226.717
552.008
228.484
284.499
14.1754
