120.181
114.091
120.314
111.395
87.1816
114.609
87.168
111.644
112.922
81.8713
110.473
78.906
116.667
163.902
63.9154
298.45
86.9753
163.314
87.4255
160.71
86.979
163.547
120.658
70.8658
81.9965
102.018
87.2333
160.724
116.59
163.242
77.0116
296.736
103.153
150.456
117.116
161.215
109.78
125.979
133.345
260.532
166.875
175.216
82.7026
303.624
81.1292
307.214
116.888
160.716
36.2714
171.473
82.0889
99.2922
26.2574
321.446
103.499
147.62
97.8708
259.954
52.0145
294.078
35.7729
172.879
111.235
122.817
115.832
101.816
166.964
172.348
99.1772
147.603
94.7022
125.05
75.9109
298.753
97.8134
257.605
96.7243
260.265
110.929
278.778
111.212
278.872
36.6318
168.769
111.613
115.601
26.3575
318.819
145.928
88.6647
115.879
98.9918
111.172
282.21
98.6233
124.78
111.618
113.049
111.174
276.522
111.717
278.402
35.7746
170.265
171.872
254.31
96.7252
257.926
173.693
255.539
99.2219
144.815
169.313
252.427
111.88
112.721
64.5375
299.492
112.404
109.65
142.927
335.662
171.775
251.896
62.4209
299.087
145.798
85.4461
142.674
336.253
97.7414
82.3742
78.0017
112.278
97.3441
82.3444
99.4167
85.1042
128.777
332.376
58.134
300.198
77.9804
109.702
127.4
292.424
115
104.585
138.308
339.791
32.1813
250.457
114.996
107.198
141.068
287.156
131.594
289.262
43.7773
296.431
32.3221
252.475
111.86
70.5185
96.874
114.283
76.7622
110.991
109.156
139.577
77.9948
111.795
103.332
254.386
78.7648
113.837
30.7178
253.877
109.467
136.514
94.6938
139.406
102.995
252.712
79.9671
119.185
94.4221
136.442
76.4342
113.713
96.9893
111.506
71.5229
303.916
102.235
135.175
123.94
81.5092
25.6766
304.747
25.3405
307.563
103.537
129.295
110.025
273.502
27.9225
253.537
127.596
287.799
79.8612
106.82
81.0986
108.059
124.101
78.1609
156.914
278.166
137.5
59.4811
51.1836
302.209
84.3945
251.595
123.295
103.793
41.394
299.383
35.9582
288.488
157.101
275.419
94.522
85.4576
100.89
294.6
30.9313
286.442
105.581
129.238
84.2498
254.332
180.827
179.213
36.8055
288.898
191.216
97.9088
125.975
297.018
148.176
272.609
179.913
181.171
125.934
90.529
110.829
271.235
31.1525
283.163
24.3667
98.4649
42.8654
288.193
93.2169
293.807
106.669
104.694
110.193
22.4722
24.0589
96.7314
176.046
185.789
99.3185
293.968
136.688
105.478
36.6581
285.814
165.242
283.019
178.134
182.464
124.951
299.96
136.733
102.72
107.417
107.471
176.238
183.77
134.675
65.1104
78.3452
274.12
126.096
158.087
122.321
63.4625
42.9789
291.43
108.948
25.0214
90.9537
246.001
126.185
155.614
149.779
249.042
35.642
285.585
40.7467
290.084
105.992
260.897
78.5147
276.191
129.26
87.3728
152.63
269.724
93.5091
290.847
126.532
258.496
120.006
124.904
86.213
254.706
91.289
243.72
81.5966
277.536
137.379
59.9119
90.148
256.039
23.1664
182.572
109.764
172.094
133.261
62.8171
123.157
284.287
108.053
243.157
25.611
185.994
123.11
115.611
108.411
245.528
39.6575
286.993
130.967
114.5
131.075
111.639
161.634
278.566
162.962
275.627
115.558
71.9966
25.6794
183.855
129.666
89.7412
109.804
169.171
38.8948
161.414
39.0169
158.539
105.879
263.57
107.857
96.6746
141.669
59.9241
104.608
287.155
107.87
99.3503
95.6767
287.369
77.7905
123.962
141.839
57.1421
100.691
104.286
84.6841
125.978
49.3065
299.753
159.603
275.472
125.649
93.9312
166.694
277.069
119.472
127.978
74.5233
273.358
141.592
249.104
121.274
78.7275
104.395
290
90.8999
254.078
168.84
183.262
115.82
92.8993
129.158
68.8527
38.5841
156.041
45.8317
301.809
180.736
99.6826
74.5041
274.741
77.7131
121.035
45.3316
302.355
187.499
141.829
181.133
102.604
141.164
96.0255
116.14
95.869
143.58
192.681
84.4703
128.748
103.797
188.579
139.324
61.4524
122.338
278.674
38.5732
158.695
154.98
153.908
115.395
136.259
34.3476
99.1225
143.002
252.466
101.059
100.912
148.412
284.465
143.68
192.746
34.5684
101.162
51.1373
285.988
116.243
96.0948
64.4936
290.072
161.378
258.809
97.2395
169.14
187.486
144.687
80.7739
87.5569
133.005
275.97
85.7743
120.011
13.8641
101.807
181.102
101.873
158.698
260.886
132.525
111.537
99.7764
26.0954
81.5026
88.0236
120.363
24.9648
34.2253
100.656
82.2237
287.958
167.683
159.845
85.62
122.892
189.966
160.598
80.9746
286.112
159.951
231.257
80.5934
90.3801
130.984
156.409
167.183
162.307
154.416
217.601
87.8439
300.096
83.2289
283.822
99.8407
26.6099
88.329
298.36
181.332
104.087
117.282
148.411
116.451
71.3867
97.766
171.843
118.929
264.66
16.496
153.029
81.079
90.6453
22.521
135.149
158.82
257.338
163.518
254.693
38.6758
299.63
140.602
332.29
15.9084
155.968
73.9571
103.443
34.4663
102.802
89.8224
74.8355
143.623
195.708
38.9295
183.491
65.7536
294.094
151.949
90.2519
60.1767
306.932
91.0355
100.566
86.8324
136.092
31.1792
177.513
127.993
64.5629
36.0042
243.241
143.228
195.279
154.816
155.492
117.433
151.224
52.0361
150.845
103.726
187.082
35.849
241.172
154.981
156.871
16.3627
140.187
154.392
219.745
103.357
193.923
130.64
159.795
95.8906
190.883
155.046
158.493
76.6713
93.2973
126.982
266.804
59.6029
112.642
97.1677
172.008
64.7332
121.342
120.383
26.1676
40.3363
122.485
144.069
245.442
12.1649
124.786
52.0297
153.396
118.857
144.917
35.6798
300.039
142.992
131.952
151.461
92.6552
34.8196
238.41
39.0295
185.816
102.016
288.83
59.9163
115.341
145.145
124.176
63.0391
292.669
143.022
324.426
114.255
263.757
143.224
73.699
16.3246
142.906
111.022
190.423
154.746
262.192
103.239
193.447
159.32
232.687
59.1312
112.374
131.97
335.147
91.7513
284.209
59.2536
115.236
142.75
325.96
147.742
246.653
162.408
186.722
31.2897
180.247
103.692
184.196
142.815
134.79
140.951
189.639
155.811
154.174
120.463
134.441
189.986
163.131
158.406
226.827
154.774
158.515
53.6378
132.907
73.7775
106.154
54.6309
176.654
118.918
257.926
67.945
97.6327
35.0692
181.17
140.992
328.969
89.7585
77.7561
103.547
172.971
91.0158
103.187
144.912
117.164
76.3017
96.0035
131.165
134.275
115.393
261.91
67.5441
213.057
35.9275
243.167
38.8038
258.131
142.739
76.5886
149.568
177.068
97.9305
174.888
31.98
156.244
40.6765
125.545
67.6148
190.655
145.181
127.048
77.4638
75.4345
34.7826
240.519
35.2054
178.866
52.0878
288.848
129.503
70.7347
128.713
326.712
40.4913
262.642
33.903
110.339
175.736
173.494
12.1267
127.559
39.5408
261.254
141.973
259.206
51.866
153.54
44.9537
324.406
65.5923
192.236
158.247
229.443
172.612
163.628
68.7355
191.906
193.696
160.841
32.0524
178.474
133.234
135.931
64.2941
124.078
53.9688
199.095
131.143
137.664
70.3249
116.957
67.5528
215.875
55.644
284.611
93.5033
58.5278
156.938
158.039
51.8966
156.482
155.6
263.992
77.1314
78.478
111.641
88.0492
63.2769
308.256
142.848
313.306
58.8497
111.102
170.489
152.04
53.6031
135.717
153.062
330.947
54.5952
179.161
162.601
258.601
157.996
256.875
16.6514
126.801
120.108
276.553
45.3824
182.123
65.2331
290.083
111.847
175.053
149.115
179.24
64.847
192.97
161.867
189.442
64.1277
142.332
67.246
290.187
172.948
129.837
38.2656
260.859
15.901
126.427
170.577
154.545
60.0263
217.072
123.081
81.371
63.1767
138.311
145.258
119.895
42.8811
267.66
40.3877
264.855
143.904
329.17
134.173
266.765
48.8276
322.945
32.0171
159.029
126.798
294.66
159.63
261.89
58.6321
108.768
103.133
101.856
113.683
293.99
56.057
289.823
62.748
140.105
128.406
328.518
128.467
122.831
39.1635
263.066
75.783
88.8203
120.852
136.896
108.635
66.1529
131.487
277.318
74.9067
287.514
93.2469
324.145
48.6985
319.041
103.323
175.237
50.0442
156.962
141.966
266.747
148.199
111.551
111.268
193.147
77.473
75.6169
130.59
328.613
102.525
98.5643
175.789
176.559
104.216
173.714
53.8625
286.481
22.0401
169.344
133.879
138.499
183.815
125.206
70.2326
119.419
61.0509
194.867
118.382
147.867
90.5974
149.07
57.0381
287.994
22.74
127.825
158.754
267.872
90.4429
145.868
95.6509
193.506
56.5251
108.988
131.796
331.812
106.869
240.358
53.6785
202.439
65.8356
92.4129
43.2246
269.435
42.3125
183.85
142.279
259.279
43.39
150.151
61.1503
220.07
80.5859
75.2832
171.23
161.655
146.658
311.487
15.4328
129.017
162.051
149.94
24.5715
170.317
175.481
160.729
65.4973
95.0709
123.023
122.484
45.4547
185.175
83.2766
84.7918
83.552
87.5406
85.0474
142.275
77.6713
77.827
135.92
86.7979
129.476
319.534
12.1763
151.364
39.0863
129.312
145.652
301.704
62.843
138.905
92.4764
59.9465
111.699
177.824
42.1176
152.141
135.744
199.027
94.5981
299.964
128.423
125.748
189.263
135.785
147.951
114.113
71.2021
210.973
58.9015
102.714
103.256
111.677
63.4313
144.606
56.0275
116.216
42.5232
154.749
67.1009
318.938
150.64
117.27
190.778
135.834
22.3997
130.843
66.1615
92.6201
129.843
163.067
162.54
304.039
142.945
64.6998
158.745
117.511
65.683
194.646
171.473
158.888
102.736
195.574
131.632
152.16
108.411
311.598
152.773
140.767
172.34
166.129
146.13
111.761
125.289
257.9
130.426
132.85
22.5602
128.321
141.158
272.926
158.39
120.105
126.871
293.341
52.5328
159.024
121.72
59.6986
104.331
177.106
90.9453
56.983
116.965
68.7818
150.702
113.883
63.2729
141.522
110.567
180.64
42.8959
101.105
90.059
70.3727
128.048
131.864
166.113
148.278
90.1646
289.198
47.5594
182.347
172.949
132.474
186.157
135.621
132.363
98.5114
42.7471
99.0748
67.8652
321.246
131.414
135.375
112.158
68.0734
33.9143
142.805
41.8804
148.277
93.9746
232.457
55.9206
118.829
41.908
145.889
135.814
89.996
172.54
127.831
66.3419
321.923
165.843
309.309
53.0858
158.509
53.0822
156.208
131.839
163.903
135.717
196.399
152.65
143.572
134.071
74.3544
152.371
145.453
23.0547
125.867
45.07
161.201
173.52
150.437
57.5113
279.329
130.083
160.562
104.106
194.165
56.699
321.994
47.7124
184.891
165.852
150.932
155.786
186.968
174.072
190.721
49.8107
160.085
64.49
320.045
151.078
204.647
150.428
116.63
56.1138
283.309
147.035
311.88
175.432
163.385
163.492
152.917
124.022
340.912
171.917
124.996
70.0472
320.19
163.014
320.292
185.779
137.803
144.242
103.386
122.956
125.127
68.4944
135.628
169.869
127.665
132.044
161.133
134.405
259.532
131.42
273.204
161.862
152.15
154.249
204.247
62.7942
283.973
107.305
88.2472
188.611
138.577
72.355
156.719
130.743
137.264
183.236
169.83
99.9719
174.048
73.7318
309.319
102.83
197.35
136.244
276.798
33.9219
145.967
150.97
201.23
140.066
42.0018
155.929
172.583
155.44
207.233
146.577
101.838
166.158
151.143
25.617
150.47
75.8488
287.809
104.032
116
183.393
127.697
107.534
65.7206
85.17
145.221
107.594
116.561
117.186
330.991
102.537
174.115
108.014
242.213
58.0727
291.266
172.344
130.183
97.2559
180.333
45.8812
148.956
168.68
142.797
165.007
157.093
99.3828
236.491
97.1292
183.165
113.001
175.206
124.886
315.245
60.0828
100.012
129.936
257.958
78.3714
257.998
95.6787
234.395
94.9561
302.212
25.1932
151.051
174.061
146.842
147.319
71.4538
63.7536
157.696
155.693
174.911
65.8266
223.764
106.476
90.5431
127.117
171.995
60.4738
197.972
41.0069
269.021
145.5
112.524
76.3939
141.839
66.3838
315.905
71.5533
163.501
131.469
250.649
153.506
136.226
48.5058
268.946
183.761
147.445
153.849
137.077
73.6903
138.643
109.218
323.863
34.2042
142.558
152.014
206.787
122.103
89.8295
171.923
127.869
41.8309
138.243
164.092
246.057
82.6925
240.747
72.4415
212.752
66.8676
78.8122
76.9313
144.889
89.6665
68.4346
181.824
174.211
127.114
288.232
106.798
307.99
77.033
143.613
118.967
241.004
168.912
113.54
112.024
264.902
96.6598
229.56
165.825
153.101
78.6928
208.052
68.2085
138.405
133.567
136.112
149.294
237.306
168.199
111.434
41.7325
141.09
147.52
68.8274
182.985
172.369
86.1475
173.135
86.731
146.222
67.0105
180.083
90.5089
152.019
40.4067
275.045
84.5893
102.905
167.935
143.298
125.093
251.253
193.06
145.402
121.982
253.872
46.3725
278.232
99.8011
238.742
79.4006
68.5937
49.9684
285.373
77.6828
122.258
41.7831
271.671
99.5826
233.92
62.4195
160.045
101.655
101.973
34.9387
195.866
38.883
141.729
143.175
65.9929
182.104
147.013
169.329
117.26
106.052
43.2691
78.5428
210.289
154.304
90.6182
113.256
91.8741
0
0
113.008
178.047
0
0
66.693
81.6198
0
0
120.02
256.7
0
0
143.132
115.142
0
0
134.469
259.939
0
0
149.484
259.363
0
0
166.666
150.182
0
0
122.473
92.6696
0
0
65.0358
226.522
0
0
39.24
143.796
0
0
40.3039
271.125
0
0
88.1879
175.094
0
0
140.977
192.142
0
0
48.8316
308.971
0
0
149.091
325.755
0
0
166.165
312.895
0
0
64.8467
134.567
0
0
168.196
114.288
0
0
38.454
273.807
0
0
129.019
148.095
0
0
66.9708
142.302
0
0
130.375
133.344
0
0
125.584
254.285
0
0
126.81
337.189
0
0
78.6683
133.928
0
0
127.307
174.73
0
0
112.894
294.725
0
0
188.241
136.501
0
0
146.547
105.084
0
0
71.2227
164.033
0
0
46.0258
158.179
0
0
153.831
259.119
0
0
53.1043
113.939
0
0
21.8229
168.301
0
0
52.8184
163.711
0
0
39.2316
275.436
0
0
14.8248
132.879
0
0
148.566
72.1931
0
0
181.922
159.142
0
0
80.7455
264.153
0
0
153.04
186.111
0
0
68.3579
182.225
0
0
110.005
205.387
0
0
